1 2 7
13 14 23
13 14
13 15
13 15 16
14 15
4 15 16 17 18
15 16 17 18
14 15 17 18
15 16 18 19
17 18 20 21
2 4 13 14 22 23
18 19 20 21
11 12 24 25 26



8 vectors:
13 14 15 16 
11 12 24 25 26 
3 4 5 6 8 
17 18 25 26 27 28 
17 18 20 21 22 23 
11 12 20 21 22 23 
11 12 25 26 27 28 
1 2 3 4 9 10 

modified for 26 IED:
13 14 15 16 
11 12 24 25 26 
3 4 5 6 8 
12 14 17 18 25 26 
17 18 20 21 22 23 
11 12 20 21 22 23 
1 2 11 12 25 26 
1 2 3 4 9 10 



Synthetic
1 4
1 6 8
2 4 8
3 7 8
5 8 10
6 7 10
6 10 11 12
7 8
8 11
9 12 13
10 13
12 13
13 14
13 15 17
14 18 20