# Topology
# Number of IEDs (1-39), RTUs (40-54) and Routers (55-84) (1 MTU (85) is assumed)
39 15 30

# IED generated data rate (Gbps)
2 1 1 2 2 3 4 1 2 1 1 2 2 3 4 1 2 1 1 2 2 3 4 1 3 4 2 1 1 2 2 3 4 1 2 1 1 2 2

# Communication Path (among the IEDs, the RTUs, and the MTU)
# Assuming Bandwidth is provided.
85
1 55 5
2 56 10
3 56 10
4 56 10
5 57 5
6 57 5
7 58 5
8 58 10
9 59 5
10 59 5
11 60 10
12 60 10
13 61 5
14 61 10
15 62 10
16 63 10
17 63 5
18 63 5
19 64 5
20 64 10
21 65 5
22 66 5
23 66 10
24 66 10
25 67 5
26 67 10
27 68 10
28 68 10
29 69 5
30 70 5
31 70 5
32 71 10
33 71 5
34 72 5
35 73 10
36 74 10
37 74 5
38 75 10
39 75 10
40 76 10
41 76 5
42 77 5
43 77 5
44 78 10
45 78 5
46 79 5
47 79 10
48 80 10
49 81 5
50 82 10
51 82 10
52 83 10
53 84 5
54 84 5
80 84 5
71 80 10
84 80 5
58 80 5
64 80 10
60 84 10
72 58 5
61 84 10
69 72 10
83 72 10
81 83 5
63 72 5
76 72 5
68 84 10
65 84 5
82 71 5
57 84 10
73 64 10
67 84 10
55 84 10
66 55 10
75 84 10
79 84 10
70 60 10
74 60 10
62 69 10
77 66 10
78 84 10
59 69 10
56 78 10
84 85 10

#Possible new links
8
55 57 10
52 57 10
61 65 10
82 85 10
75 85 10
61 82 10
59 75 10
63 77 10

#Threat vectors
27
11 12 24 25  
5 13 14 15 16 
2 13 14 15 16 
13 14 15 16 24 
13 14 15 16 
1 13 14 15 16 
13 14 15 16 
12 13 14 15 16 
13 14 15 16  
13 14 15 16  
8 13 14 15 16 
13 14 15 16 22 
13 14 15 16 17 
4 13 14 15 16 
13 14 15 16 18 
10 13 14 15 16 
13 14 15 16  
6 13 14 15 16 
9 13 14 15 16 
4 5 6 8 
13 14 15 16 20 
13 14 15 16 21 
13 14 15 16 23 
13 14 15 16 19 
7 13 14 15 16 
13 14 15 16 25 
11 13 14 15 16

#Current SDN router IDs
#2
#48 56

#Available SDN routers
12

#Avg cost of SDN routers
50

#Avg cost of links
20

#Available budget
950

#Number of VLANs
3
1 2 4 9
5 6
10 11 23

#Expected VLAN percentage
75