# Number of IEDs (1-26), RTUs (27-39) and Routers (40-57) (1 MTU (58) is assumed)
26 13 18

# IED generated data rate (Gbps)
2 1 1 2 2 3 4 1 2 1 1 2 2 3 4 1 2 1 1 2 2 3 4 1 3 4

# Communication Path (among the IEDs, the RTUs, and the MTU)
# Assuming Bandwidth is provided.
58
1 40 5
2 40 5 
27 40 10 
3 41 10 
28 41 10
4 42 5 
5 42 5
6 42 5
29 42 10
7 43 5
8 43 5
30 43 10
9 44 5
10 44 5
11 44 5
31 44 5
40 44 5
12 45 10
13 45 10
32 45 10
14 46 5
15 46 5
33 46 10
16 47 5
17 47 5
34 47 10
18 48 5
19 48 5
35 48 10
20 49 10
21 49 5
36 49 10
22 50 5
37 50 10
23 51 5
24 51 5
38 51 10
25 52 10
26 52 5
39 52 10
41 57 10
44 57 10
45 57 10
51 57 10
48 57 10
54 57 10
43 53 10
44 53 10
42 54 10
46 54 10
47 54 10
53 55 10
48 55 10
49 55 10
50 56 10
51 56 10
52 56 10
57 58 10

#Possible new links
4
44 55 10
55 57 10
52 57 10
48 53 10

#Threat vectors
354
11 12 24 25 26  
11 12 24 25 26 
2 11 12 24 25 26 
11 12 20 24 25 26 
11 12 24 25 26 
6 13 14 15 16 19 
6 13 14 15 16 
6 13 14 15 16 22 
11 12 25 26  
13 14 15 16 18 
13 14 15 16  
10 13 14 15 16 18 
13 14 15 16 18 21 
13 14 15 16 18 
13 14 15 16 18 
9 13 14 15 16 18 
11 13 14 15 16 18 
6 13 14 15 16 18 
11 13 14 15 16 21 
11 13 14 15 16 
7 11 13 14 15 16 
6 11 13 14 15 16 
11 12 18 24 25 26 
11 12 16 24 25 26 
10 11 12 24 25 26 
6 12 13 14 15 16 
12 13 14 15 16 24 
12 13 14 15 16 
13 14 15 16 24 
13 14 15 16 
13 14 15 16 23 24 
17 18 20 21 22 23 
12 13 14 15 16 26 
12 13 14 15 16 
12 13 14 15 16 23 
13 14 15 16 23 
13 14 15 16 23 26 
12 13 14 15 16 
4 11 12 24 25 26 
10 13 14 15 16 26 
7 13 14 15 16 19 
13 14 15 16 19 26 
13 14 15 16 26 
1 13 14 15 16 26 
13 14 15 16 26 
13 14 15 16 20 26 
7 13 14 15 16 21 
13 14 15 16 23 
13 14 15 16 25 
13 14 15 16 
13 14 15 16 23 25 
13 14 15 16 25 
3 13 14 15 16 21 
3 13 14 15 16 
3 13 14 15 16 24 
3 11 12 24 25 26 
11 12 23 24 25 26 
11 12 14 24 25 26 
5 6 13 14 15 16 
6 11 12 24 25 26 
11 12 22 24 25 26 
13 14 15 16 18 23 
1 13 14 15 16 23 
1 13 14 15 16 18 
1 13 14 15 16 
1 13 14 15 16 21 
13 14 15 16 21 23 
13 14 15 16 21 
13 14 15 16 18 20 
13 14 15 16 18 19 
2 13 14 15 16 18 
13 14 15 16 17 18 
5 13 14 15 16 18 
13 14 15 16 18 22 
7 12 13 14 15 16 
7 13 14 15 16 23 
11 12 13 24 25 26 
3 4 5 6 8 17 
11 12 20 21 22 23 
13 14 15 16 20 21 
17 18 25 26  
7 13 14 15 16 
7 13 14 15 16 
1 12 13 14 15 16 
1 13 14 15 16 
1 13 14 15 16 19 
12 13 14 15 16 19 
13 14 15 16 19 
13 14 15 16 19 24 
1 13 14 15 16 24 
2 13 14 15 16 24 
2 13 14 15 16 19 
2 13 14 15 16 
2 13 14 15 16  
13 14 15 16 24  
13 14 15 16  
13 14 15 16 24 26 
13 14 15 16 18 24 
13 14 15 16 22 24 
13 14 15 16 21 24 
13 14 15 16 20 24 
11 13 14 15 16 24 
13 14 15 16 24 25 
4 13 14 15 16 23 
4 13 14 15 16 
4 13 14 15 16 
2 4 13 14 15 16 
1 4 13 14 15 16 
13 14 15 16 26 
13 14 15 16 23 
3 4 5 6 8 21 
3 4 5 6 8 11 
3 13 14 15 16 
1 2 3 4 9 10 
11 12 13 14 15 16 
10 13 14 15 16 19 
10 13 14 15 16 
9 10 13 14 15 16 
9 13 14 15 16 19 
9 13 14 15 16 
9 13 14 15 16 22 
1 3 13 14 15 16 
4 13 14 15 16 18 
4 11 13 14 15 16 
13 14 15 16 24 
2 13 14 15 16 25 
2 13 14 15 16 20 
2 13 14 15 16 22 
13 14 15 16 20 
9 12 13 14 15 16 
5 7 13 14 15 16 
9 11 12 24 25 26 
7 11 12 24 25 26 
5 13 14 15 16 19 
5 13 14 15 16 
1 11 12 24 25 26 
11 12 19 24 25 26 
3 4 5 6 8  
3 4 5 6 8 9 
3 4 5 6 8 
3 4 5 6 8 24 
3 4 5 6 8 22 
3 4 5 6 8  
6 13 14 15 16 26 
7 13 14 15 16 18 
2 7 13 14 15 16 
11 12 15 24 25 26 
5 8 13 14 15 16 
7 13 14 15 16 
13 14 15 16 17 24 
6 8 13 14 15 16 
6 7 13 14 15 16 
11 12 17 24 25 26 
5 11 12 24 25 26 
2 10 13 14 15 16 
2 8 13 14 15 16 
11 12 21 24 25 26 
3 4 5 6 8 18 
3 4 5 6 8 14 
3 4 5 6 8 16 
3 4 5 6 8 15 
3 4 5 6 8 19 
11 13 14 15 16 
5 13 14 15 16 22 
5 13 14 15 16 
5 13 14 15 16 24 
5 13 14 15 16 
5 10 13 14 15 16 
8 11 12 24 25 26 
1 5 13 14 15 16 
3 5 13 14 15 16 
5 13 14 15 16 20 
5 13 14 15 16 21 
5 13 14 15 16 26 
5 9 13 14 15 16 
5 13 14 15 16 23 
2 5 13 14 15 16 
4 8 13 14 15 16 
3 13 14 15 16 26 
2 3 13 14 15 16 
3 13 14 15 16 19 
3 10 13 14 15 16 
3 8 13 14 15 16 
13 14 15 16 17 21 
13 14 15 16 17 
13 14 15 16 17 23 
13 14 15 16 17 19 
13 14 15 16 17 22 
9 13 14 15 16 17 
7 13 14 15 16 17 
13 14 15 16 17 20 
12 13 14 15 16 17 
10 13 14 15 16 17 
13 14 15 16 21 
5 13 14 15 16 25 
12 13 14 15 16 21 
12 13 14 15 16 25 
9 13 14 15 16 
10 13 14 15 16 23 
3 4 5 6 8 23 
1 3 4 5 6 8 
3 4 5 6 8 12 
3 4 5 6 8 25 
13 14 15 16 21 26 
13 14 15 16 18 26 
9 13 14 15 16 21 
9 13 14 15 16 
13 14 15 16 21 
4 13 14 15 16 
4 13 14 15 16 25 
4 13 14 15 16 26 
10 13 14 15 16 21 
9 11 13 14 15 16 
13 14 15 16 25 26 
13 14 15 16 17 26 
2 13 14 15 16 17 
1 13 14 15 16 17 
7 13 14 15 16 22 
13 14 15 16 17 
11 13 14 15 16 23 
4 13 14 15 16 24 
9 13 14 15 16 24 
6 13 14 15 16 21 
6 13 14 15 16 20 
6 13 14 15 16 
6 13 14 15 16 17 
6 13 14 15 16 25 
3 4 5 6 8 10 
2 13 14 15 16 23 
3 13 14 15 16 23 
13 14 15 16 19 23 
8 13 14 15 16 23 
1 8 13 14 15 16 
8 13 14 15 16 
1 7 13 14 15 16 
9 13 14 15 16 26 
3 4 13 14 15 16 
3 4 5 6 8 26 
8 13 14 15 16 26 
8 13 14 15 16 19 
3 13 14 15 16 18 
3 13 14 15 16 
2 13 14 15 16 
13 14 15 16 19 
6 13 14 15 16 23 
6 9 13 14 15 16 
13 14 15 16 20 22 
13 14 15 16 22 
13 14 15 16 20 
13 14 15 16 19 22 
13 14 15 16 19 20 
9 13 14 15 16 20 
13 14 15 16 22 
8 13 14 15 16 24 
7 8 13 14 15 16 
7 13 14 15 16 26 
13 14 15 16 22 26 
11 13 14 15 16 26 
1 11 13 14 15 16 
11 13 14 15 16 19 
11 13 14 15 16 
11 13 14 15 16 20 
8 13 14 15 16 18 
2 12 13 14 15 16 
12 13 14 15 16 18 
2 13 14 15 16 26 
13 14 15 16 18 25 
13 14 15 16 19 25 
8 13 14 15 16 21 
8 9 13 14 15 16 
9 13 14 15 16 25 
8 13 14 15 16 17 
13 14 15 16 20 23 
8 13 14 15 16 
2 13 14 15 16 21 
13 14 15 16 21 22 
10 13 14 15 16 20 
6 13 14 15 16 
2 6 13 14 15 16 
10 13 14 15 16 
1 10 13 14 15 16 
3 9 13 14 15 16 
1 9 13 14 15 16 
4 13 14 15 16 19 
13 14 15 16 19 
7 9 13 14 15 16 
4 13 14 15 16 17 
3 4 5 6 7 8 
13 14 15 16 20 
1 13 14 15 16 20 
9 13 14 15 16 23 
2 9 13 14 15 16 
1 2 13 14 15 16 
8 13 14 15 16 
8 12 13 14 15 16 
10 12 13 14 15 16 
13 14 15 16 21 25 
13 14 15 16 19 21 
4 13 14 15 16 21 
4 10 13 14 15 16 
4 7 13 14 15 16 
7 10 13 14 15 16 
4 13 14 15 16 22 
3 12 13 14 15 16 
10 11 13 14 15 16 
4 5 13 14 15 16 
10 13 14 15 16 24 
10 13 14 15 16 22 
10 13 14 15 16 25 
8 10 13 14 15 16 
10 13 14 15 16 
1 13 14 15 16 25 
13 14 15 16 17 25 
4 12 13 14 15 16 
7 13 14 15 16 24 
13 14 15 16 22 23 
12 13 14 15 16 20 
7 13 14 15 16 20 
2 3 4 5 6 8 
1 6 13 14 15 16 
4 6 13 14 15 16 
6 13 14 15 16 24 
5 11 13 14 15 16 
5 13 14 15 16 17 
3 4 5 6 8 20 
7 13 14 15 16 25 
3 7 13 14 15 16 
12 13 14 15 16 22 
1 13 14 15 16 22 
5 12 13 14 15 16 
4 13 14 15 16 20 
4 9 13 14 15 16 
3 13 14 15 16 25 
3 4 5 6 8 13 
6 10 13 14 15 16 
3 6 13 14 15 16 
11 13 14 15 16 17 
8 13 14 15 16 25 
13 14 15 16 20 25 
3 13 14 15 16 17 
3 11 13 14 15 16 
2 11 13 14 15 16 
3 13 14 15 16 22 
8 11 13 14 15 16 
1 13 14 15 16 
3 13 14 15 16 20 
8 13 14 15 16 20 
8 13 14 15 16 22 
13 14 15 16 22 25 
11 13 14 15 16 25 
11 13 14 15 16 22 
13 14 15 16 25 
13 14 15 16 17 
13 14 15 16 22

#Available SDN routers
15

#Avg cost of SDN routers
50

#Avg cost of links
20

#Available budget
850

#Number of VLANs
3
1 2 4 9
5 6
10 11 23

#Expected VLAN percentage
75