# Topology
# Number of IEDs (1-180), RTUs (181-242) and Routers (243-359) (1 MTU (360) is assumed)
180 62 117

# IED generated data rate (Gbps)
2 1 1 2 2 3 4 1 2 1 1 2 2 3 4 1 2 1 1 2 2 3 4 1 3 4 2 1 1 2 2 3 4 1 2 1 1 2 2 3 4 1 2 1 1 2 2 3 4 1 3 4 2 1 1 2 2 3 4 1 2 1 1 2 2 3 4 1 2 1 1 2 2 3 4 1 3 4 2 3 4 1 3 4 2 1 1 2 2 3 4 1 2 1 1 2 2 3 4 1 2 1 1 2 2 3 4 1 3 4 2 1 1 2 2 3 4 1 2 1 1 2 2 3 4 1 2 1 1 2 2 3 4 1 3 4 2 1 1 2 2 3 4 1 2 1 1 2 2 3 4 1 2 1 1 2 2 3 4 1 3 4 2 3 4 1 3 4 2 1 1 2 2 3 4 1 2 1 1 2

# Communication Path (among the IEDs, the RTUs, and the MTU)
# Assuming Bandwidth is provided.
360
1 243 5
2 243 10
3 244 10
4 244 10
5 245 5
6 245 5
7 246 5
8 246 10
9 247 5
10 247 5
11 247 10
12 248 10
13 248 5
14 249 10
15 250 10
16 250 10
17 250 5
18 251 5
19 252 5
20 252 10
21 253 5
22 253 5
23 253 10
24 254 10
25 254 5
26 254 10
27 255 10
28 255 10
29 256 5
30 256 5
31 257 5
32 257 10
33 258 5
34 258 5
35 259 10
36 260 10
37 260 5
38 260 10
39 261 10
40 261 10
41 262 5
42 263 5
43 263 5
44 264 10
45 264 5
46 264 5
47 265 10
48 265 10
49 266 5
50 266 10
51 267 10
52 267 10
53 268 5
54 268 5
55 268 5
56 269 10
57 269 5
58 270 5
59 271 10
60 271 10
61 272 5
62 272 10
63 273 10
64 273 10
65 273 5
66 274 5
67 275 5
68 275 10
69 276 5
70 276 5
71 277 10
72 277 10
73 278 5
74 278 10
75 279 10
76 279 10
77 280 5
78 280 5
79 281 5
80 281 10
81 282 5
82 282 5
83 283 10
84 283 10
85 283 5
86 284 10
87 284 10
88 285 10
89 285 5
90 286 5
91 287 5
92 288 10
93 288 5
94 289 5
95 289 10
96 290 10
97 290 5
98 290 10
99 291 10
100 291 10
101 292 5
102 292 5
103 292 5
104 293 10
105 293 5
106 294 5
107 295 10
108 295 10
109 296 5
110 296 10
111 297 10
112 297 10
113 297 5
114 298 5
115 298 5
116 299 10
117 299 5
118 300 5
119 300 10
120 300 10
121 301 5
122 301 10
123 302 10
124 302 10
125 303 5
126 303 5
127 303 5
128 304 10
129 305 5
130 305 5
131 306 10
132 306 10
133 306 5
134 307 10
135 307 10
136 307 10
137 308 5
138 308 5
139 309 5
140 309 10
141 310 5
142 310 5
143 310 10
144 311 10
145 311 5
146 311 10
147 312 10
148 312 10
149 313 5
150 314 5
151 314 5
152 315 10
153 316 5
154 316 5
155 317 10
156 318 10
157 318 5
158 318 10
159 318 10
160 319 10
161 319 5
162 320 5
163 321 5
164 321 10
165 321 5
166 321 5
167 322 10
168 322 10
169 323 5
170 323 10
171 324 10
172 324 10
173 324 5
174 325 5
175 325 5
176 326 10
177 326 5
178 326 5
179 327 10
180 327 10
181 328 5
182 329 10
183 329 10
184 330 10
185 330 5
186 331 5
187 332 5
188 332 10
189 333 5
190 333 5
191 333 10
192 333 10
193 334 5
194 335 10
195 335 10
196 335 10
197 336 5
198 336 5
199 337 5
200 337 10
201 337 5
202 337 5
203 338 10
204 339 10
205 339 5
206 340 10
207 340 10
208 341 10
209 341 5
210 342 5
211 342 5
212 343 10
213 343 5
214 344 5
215 344 10
216 345 10
217 345 5
218 346 10
219 346 10
220 347 10
221 348 5
222 348 5
223 349 5
224 349 10
225 350 5
226 351 5
227 351 10
228 351 10
229 352 5
230 352 10
231 353 10
232 353 10
233 354 5
234 355 5
235 355 5
236 356 10
237 356 5
238 357 5
239 357 10
240 358 10
241 358 5
242 359 10
344 359 10
338 344 10
331 338 5
248 359 5
334 359 5
319 334 10
249 331 5
348 319 5
270 249 10
309 359 10
341 359 5
259 348 10
281 341 10
343 359 10
277 343 5
291 309 5
245 334 5
261 359 10
284 261 5
265 359 5
311 319 10
298 359 10
325 338 5
316 359 10
283 249 10
318 359 10
336 359 5
296 359 5
307 309 5
345 359 10
255 298 5
349 245 5
268 336 10
301 359 10
289 338 5
323 334 10
340 359 10
252 359 10
292 359 5
352 359 5
312 359 5
317 359 10
253 359 5
260 298 5
347 359 10
314 252 10
339 292 5
274 359 10
302 347 10
324 323 10
276 317 5
337 359 5
290 259 5
280 359 10
306 265 5
267 317 5
356 359 10
355 249 10
299 359 5
275 348 10
297 292 10
305 359 10
266 359 5
303 261 5
354 359 5
294 359 10
350 299 5
263 302 5
288 311 10
353 359 10
271 296 5
250 307 10
273 245 10
286 359 10
282 305 5
264 286 5
326 318 5
269 341 10
246 312 5
351 282 5
333 359 10
315 259 10
251 340 5
329 296 10
244 264 10
300 351 10
310 356 5
254 294 5
247 359 5
320 359 10
342 318 5
313 345 5
285 359 10
332 341 10
327 359 5
304 359 10
287 251 10
272 359 10
278 359 5
335 359 5
243 359 5
293 359 10
262 359 5
308 359 5
258 304 10
279 298 10
256 359 5
257 344 10
330 359 10
358 359 10
295 359 10
321 359 10
346 276 10
358 351 10
357 358 10
322 359 10
328 359 10
359 360 10

#Possible new links
10
105 107 10
159 157 10
152 157 10
148 153 10
159 155 10
159 151 10
158 142 10
157 142 10
121 136 10
123 131 10

#Threat vectors
27
11 12 24 25  
5 13 14 15 16 
2 13 14 15 16 
13 14 15 16 24 
13 14 15 16 
1 13 14 15 16 
13 14 15 16 
12 13 14 15 16 
13 14 15 16  
13 14 15 16  
8 13 14 15 16 
13 14 15 16 22 
13 14 15 16 17 
4 13 14 15 16 
13 14 15 16 18 
10 13 14 15 16 
13 14 15 16  
6 13 14 15 16 
9 13 14 15 16 
4 5 6 8 
13 14 15 16 20 
13 14 15 16 21 
13 14 15 16 23 
13 14 15 16 19 
7 13 14 15 16 
13 14 15 16 25 
11 13 14 15 16

#Current SDN router IDs
#2
#48 56

#Available SDN routers
11
#26

#Avg cost of SDN routers
50

#Avg cost of links
20

#Available budget
1000
#2450

#Number of VLANs
3
1 2 4 9
5 6
10 11 23

#Expected VLAN percentage
75