# Topology
# Number of IEDs (1-39), RTUs (40-54) and Routers (55-84) (1 MTU (85) is assumed)
39 15 30

# IED generated data rate (Gbps)
2 1 1 2 2 3 4 1 2 1 1 2 2 3 4 1 2 1 1 2 2 3 4 1 3 4 2 1 1 2 2 3 4 1 2 1 1 2 2

# Communication Path (among the IEDs, the RTUs, and the MTU)
# Assuming Bandwidth is provided.
85
1 55 5
2 56 10
3 56 10
4 56 10
5 57 5
6 57 5
7 58 5
8 58 10
9 59 5
10 59 5
11 60 10
12 60 10
13 61 5
14 61 10
15 62 10
16 63 10
17 63 5
18 63 5
19 64 5
20 64 10
21 65 5
22 66 5
23 66 10
24 66 10
25 67 5
26 67 10
27 68 10
28 68 10
29 69 5
30 70 5
31 70 5
32 71 10
33 71 5
34 72 5
35 73 10
36 74 10
37 74 5
38 75 10
39 75 10
40 76 10
41 76 5
42 77 5
43 77 5
44 78 10
45 78 5
46 79 5
47 79 10
48 80 10
49 81 5
50 82 10
51 82 10
52 83 10
53 84 5
54 84 5
80 84 5
71 80 10
84 80 5
58 80 5
64 80 10
60 84 10
72 58 5
61 84 10
69 72 10
83 72 10
81 83 5
63 72 5
76 72 5
68 84 10
65 84 5
82 71 5
57 84 10
73 64 10
67 84 10
55 84 10
66 55 10
75 84 10
79 84 10
70 60 10
74 60 10
62 69 10
77 66 10
78 84 10
59 69 10
56 78 10
84 85 10

#Possible new links
8
55 57 10
52 57 10
61 65 10
82 85 10
75 85 10
61 82 10
59 75 10
63 77 10

#Threat vectors
354
11 12 24 25 26 28 
11 12 24 25 26 27 
2 11 12 24 25 26 
11 12 20 24 25 26 
11 12 24 25 26 
6 13 14 15 16 19 
6 13 14 15 16 
6 13 14 15 16 22 
11 12 25 26 27 28 
13 14 15 16 18 28 
13 14 15 16 27 28 
10 13 14 15 16 18 
13 14 15 16 18 21 
13 14 15 16 18 27 
13 14 15 16 18 
9 13 14 15 16 18 
11 13 14 15 16 18 
6 13 14 15 16 18 
11 13 14 15 16 21 
11 13 14 15 16 
7 11 13 14 15 16 
6 11 13 14 15 16 
11 12 18 24 25 26 
11 12 16 24 25 26 
10 11 12 24 25 26 
6 12 13 14 15 16 
12 13 14 15 16 24 
12 13 14 15 16 
13 14 15 16 24 
13 14 15 16 
13 14 15 16 23 24 
17 18 20 21 22 23 
12 13 14 15 16 26 
12 13 14 15 16 27 
12 13 14 15 16 23 
13 14 15 16 23 
13 14 15 16 23 26 
12 13 14 15 16 28 
4 11 12 24 25 26 
10 13 14 15 16 26 
7 13 14 15 16 19 
13 14 15 16 19 26 
13 14 15 16 26 27 
1 13 14 15 16 26 
13 14 15 16 26 
13 14 15 16 20 26 
7 13 14 15 16 21 
13 14 15 16 23 28 
13 14 15 16 25 28 
13 14 15 16 28 
13 14 15 16 23 25 
13 14 15 16 25 
3 13 14 15 16 21 
3 13 14 15 16 
3 13 14 15 16 24 
3 11 12 24 25 26 
11 12 23 24 25 26 
11 12 14 24 25 26 
5 6 13 14 15 16 
6 11 12 24 25 26 
11 12 22 24 25 26 
13 14 15 16 18 23 
1 13 14 15 16 23 
1 13 14 15 16 18 
1 13 14 15 16 
1 13 14 15 16 21 
13 14 15 16 21 23 
13 14 15 16 21 
13 14 15 16 18 20 
13 14 15 16 18 19 
2 13 14 15 16 18 
13 14 15 16 17 18 
5 13 14 15 16 18 
13 14 15 16 18 22 
7 12 13 14 15 16 
7 13 14 15 16 23 
11 12 13 24 25 26 
3 4 5 6 8 17 
11 12 20 21 22 23 
13 14 15 16 20 21 
17 18 25 26 27 28 
7 13 14 15 16 28 
7 13 14 15 16 
1 12 13 14 15 16 
1 13 14 15 16 28 
1 13 14 15 16 19 
12 13 14 15 16 19 
13 14 15 16 19 
13 14 15 16 19 24 
1 13 14 15 16 24 
2 13 14 15 16 24 
2 13 14 15 16 19 
2 13 14 15 16 
2 13 14 15 16 27 
13 14 15 16 24 27 
13 14 15 16 27 
13 14 15 16 24 26 
13 14 15 16 18 24 
13 14 15 16 22 24 
13 14 15 16 21 24 
13 14 15 16 20 24 
11 13 14 15 16 24 
13 14 15 16 24 25 
4 13 14 15 16 23 
4 13 14 15 16 
4 13 14 15 16 27 
2 4 13 14 15 16 
1 4 13 14 15 16 
13 14 15 16 26 28 
13 14 15 16 23 27 
3 4 5 6 8 21 
3 4 5 6 8 11 
3 13 14 15 16 28 
1 2 3 4 9 10 
11 12 13 14 15 16 
10 13 14 15 16 19 
10 13 14 15 16 
9 10 13 14 15 16 
9 13 14 15 16 19 
9 13 14 15 16 
9 13 14 15 16 22 
1 3 13 14 15 16 
4 13 14 15 16 18 
4 11 13 14 15 16 
13 14 15 16 24 28 
2 13 14 15 16 25 
2 13 14 15 16 20 
2 13 14 15 16 22 
13 14 15 16 20 27 
9 12 13 14 15 16 
5 7 13 14 15 16 
9 11 12 24 25 26 
7 11 12 24 25 26 
5 13 14 15 16 19 
5 13 14 15 16 28 
1 11 12 24 25 26 
11 12 19 24 25 26 
3 4 5 6 8 28 
3 4 5 6 8 9 
3 4 5 6 8 
3 4 5 6 8 24 
3 4 5 6 8 22 
3 4 5 6 8 27 
6 13 14 15 16 26 
7 13 14 15 16 18 
2 7 13 14 15 16 
11 12 15 24 25 26 
5 8 13 14 15 16 
7 13 14 15 16 27 
13 14 15 16 17 24 
6 8 13 14 15 16 
6 7 13 14 15 16 
11 12 17 24 25 26 
5 11 12 24 25 26 
2 10 13 14 15 16 
2 8 13 14 15 16 
11 12 21 24 25 26 
3 4 5 6 8 18 
3 4 5 6 8 14 
3 4 5 6 8 16 
3 4 5 6 8 15 
3 4 5 6 8 19 
11 13 14 15 16 28 
5 13 14 15 16 22 
5 13 14 15 16 
5 13 14 15 16 24 
5 13 14 15 16 27 
5 10 13 14 15 16 
8 11 12 24 25 26 
1 5 13 14 15 16 
3 5 13 14 15 16 
5 13 14 15 16 20 
5 13 14 15 16 21 
5 13 14 15 16 26 
5 9 13 14 15 16 
5 13 14 15 16 23 
2 5 13 14 15 16 
4 8 13 14 15 16 
3 13 14 15 16 26 
2 3 13 14 15 16 
3 13 14 15 16 19 
3 10 13 14 15 16 
3 8 13 14 15 16 
13 14 15 16 17 21 
13 14 15 16 17 
13 14 15 16 17 23 
13 14 15 16 17 19 
13 14 15 16 17 22 
9 13 14 15 16 17 
7 13 14 15 16 17 
13 14 15 16 17 20 
12 13 14 15 16 17 
10 13 14 15 16 17 
13 14 15 16 21 28 
5 13 14 15 16 25 
12 13 14 15 16 21 
12 13 14 15 16 25 
9 13 14 15 16 28 
10 13 14 15 16 23 
3 4 5 6 8 23 
1 3 4 5 6 8 
3 4 5 6 8 12 
3 4 5 6 8 25 
13 14 15 16 21 26 
13 14 15 16 18 26 
9 13 14 15 16 21 
9 13 14 15 16 27 
13 14 15 16 21 27 
4 13 14 15 16 28 
4 13 14 15 16 25 
4 13 14 15 16 26 
10 13 14 15 16 21 
9 11 13 14 15 16 
13 14 15 16 25 26 
13 14 15 16 17 26 
2 13 14 15 16 17 
1 13 14 15 16 17 
7 13 14 15 16 22 
13 14 15 16 17 28 
11 13 14 15 16 23 
4 13 14 15 16 24 
9 13 14 15 16 24 
6 13 14 15 16 21 
6 13 14 15 16 20 
6 13 14 15 16 27 
6 13 14 15 16 17 
6 13 14 15 16 25 
3 4 5 6 8 10 
2 13 14 15 16 23 
3 13 14 15 16 23 
13 14 15 16 19 23 
8 13 14 15 16 23 
1 8 13 14 15 16 
8 13 14 15 16 
1 7 13 14 15 16 
9 13 14 15 16 26 
3 4 13 14 15 16 
3 4 5 6 8 26 
8 13 14 15 16 26 
8 13 14 15 16 19 
3 13 14 15 16 18 
3 13 14 15 16 27 
2 13 14 15 16 28 
13 14 15 16 19 28 
6 13 14 15 16 23 
6 9 13 14 15 16 
13 14 15 16 20 22 
13 14 15 16 22 
13 14 15 16 20 
13 14 15 16 19 22 
13 14 15 16 19 20 
9 13 14 15 16 20 
13 14 15 16 22 28 
8 13 14 15 16 24 
7 8 13 14 15 16 
7 13 14 15 16 26 
13 14 15 16 22 26 
11 13 14 15 16 26 
1 11 13 14 15 16 
11 13 14 15 16 19 
11 13 14 15 16 27 
11 13 14 15 16 20 
8 13 14 15 16 18 
2 12 13 14 15 16 
12 13 14 15 16 18 
2 13 14 15 16 26 
13 14 15 16 18 25 
13 14 15 16 19 25 
8 13 14 15 16 21 
8 9 13 14 15 16 
9 13 14 15 16 25 
8 13 14 15 16 17 
13 14 15 16 20 23 
8 13 14 15 16 28 
2 13 14 15 16 21 
13 14 15 16 21 22 
10 13 14 15 16 20 
6 13 14 15 16 28 
2 6 13 14 15 16 
10 13 14 15 16 28 
1 10 13 14 15 16 
3 9 13 14 15 16 
1 9 13 14 15 16 
4 13 14 15 16 19 
13 14 15 16 19 27 
7 9 13 14 15 16 
4 13 14 15 16 17 
3 4 5 6 7 8 
13 14 15 16 20 28 
1 13 14 15 16 20 
9 13 14 15 16 23 
2 9 13 14 15 16 
1 2 13 14 15 16 
8 13 14 15 16 27 
8 12 13 14 15 16 
10 12 13 14 15 16 
13 14 15 16 21 25 
13 14 15 16 19 21 
4 13 14 15 16 21 
4 10 13 14 15 16 
4 7 13 14 15 16 
7 10 13 14 15 16 
4 13 14 15 16 22 
3 12 13 14 15 16 
10 11 13 14 15 16 
4 5 13 14 15 16 
10 13 14 15 16 24 
10 13 14 15 16 22 
10 13 14 15 16 25 
8 10 13 14 15 16 
10 13 14 15 16 27 
1 13 14 15 16 25 
13 14 15 16 17 25 
4 12 13 14 15 16 
7 13 14 15 16 24 
13 14 15 16 22 23 
12 13 14 15 16 20 
7 13 14 15 16 20 
2 3 4 5 6 8 
1 6 13 14 15 16 
4 6 13 14 15 16 
6 13 14 15 16 24 
5 11 13 14 15 16 
5 13 14 15 16 17 
3 4 5 6 8 20 
7 13 14 15 16 25 
3 7 13 14 15 16 
12 13 14 15 16 22 
1 13 14 15 16 22 
5 12 13 14 15 16 
4 13 14 15 16 20 
4 9 13 14 15 16 
3 13 14 15 16 25 
3 4 5 6 8 13 
6 10 13 14 15 16 
3 6 13 14 15 16 
11 13 14 15 16 17 
8 13 14 15 16 25 
13 14 15 16 20 25 
3 13 14 15 16 17 
3 11 13 14 15 16 
2 11 13 14 15 16 
3 13 14 15 16 22 
8 11 13 14 15 16 
1 13 14 15 16 27 
3 13 14 15 16 20 
8 13 14 15 16 20 
8 13 14 15 16 22 
13 14 15 16 22 25 
11 13 14 15 16 25 
11 13 14 15 16 22 
13 14 15 16 25 27 
13 14 15 16 17 27 
13 14 15 16 22 27 

#Current SDN router IDs
#2
#48 56

#Available SDN routers
18

#Avg cost of SDN routers
50

#Avg cost of links
20

#Available budget
1550

#Number of VLANs
3
1 2 4 9
5 6
10 11 23

#Expected VLAN percentage
75