# Topology
# Number of IEDs (1-84), RTUs (85-104) and Routers (105-159) (1 MTU (160) is assumed)
84 20 55

# IED generated data rate (Gbps)
2 1 1 2 2 3 4 1 2 1 1 2 2 3 4 1 2 1 1 2 2 3 4 1 3 4 2 1 1 2 2 3 4 1 2 1 1 2 2 3 4 1 2 1 1 2 2 3 4 1 3 4 2 1 1 2 2 3 4 1 2 1 1 2 2 3 4 1 2 1 1 2 2 3 4 1 3 4 2 3 4 1 3 4

# Communication Path (among the IEDs, the RTUs, and the MTU)
# Assuming Bandwidth is provided.
160
1 105 5
2 105 10
3 106 10
4 107 10
5 107 5
6 108 5
7 108 5
8 108 10
9 109 5
10 109 5
11 110 10
12 111 10
13 111 5
14 112 10
15 113 10
16 113 10
17 114 5
18 114 5
19 115 5
20 115 10
21 115 5
22 116 5
23 116 10
24 117 10
25 117 5
26 117 10
27 118 10
28 118 10
29 119 5
30 119 5
31 120 5
32 120 10
33 121 5
34 122 5
35 122 10
36 122 10
37 123 5
38 123 10
39 124 10
40 125 10
41 125 5
42 126 5
43 126 5
44 127 10
45 127 5
46 128 5
47 129 10
48 129 10
49 129 5
50 130 10
51 130 10
52 131 10
53 131 5
54 132 5
55 132 5
56 133 10
57 134 5
58 134 5
59 135 10
60 135 10
61 136 5
62 137 10
63 137 10
64 138 10
65 139 5
66 139 5
67 140 5
68 140 10
69 141 5
70 141 5
71 141 10
72 141 10
73 142 5
74 143 10
75 143 10
76 144 10
77 144 5
78 145 5
79 145 5
80 146 10
81 146 5
82 147 5
83 147 10
84 148 10
85 148 5
86 149 10
87 150 10
88 150 10
89 151 5
90 151 5
91 151 5
92 152 10
93 152 5
94 153 5
95 154 10
96 154 10
97 155 5
98 155 10
99 156 10
100 156 10
101 157 5
102 157 5
103 158 5
104 159 10
139 159 5
106 139 5
137 106 10
111 106 10
125 106 5
128 159 10
148 125 10
131 139 10
134 159 5
144 139 5
142 159 5
110 148 10
120 142 5
141 144 5
133 131 10
127 159 10
122 127 5
121 159 10
124 110 10
138 137 10
149 111 5
118 159 5
158 159 5
130 118 10
123 137 5
135 118 5
119 158 10
153 159 10
107 119 5
109 158 10
147 159 10
115 128 10
146 159 5
150 159 5
158 159 5
155 148 10
114 149 5
108 119 5
156 159 10
140 138 10
116 159 10
143 140 10
129 121 10
154 111 10
152 159 10
151 159 10
126 146 10
132 108 10
112 120 10
136 120 10
145 137 10
105 159 10
157 137 10
117 159 10
113 159 10
159 160 10

#Possible new links
10
105 107 10
159 157 10
152 157 10
148 153 10
159 155 10
159 151 10
158 142 10
157 142 10
121 136 10
123 131 10

#Threat vectors
27
11 12 24 25  
5 13 14 15 16 
2 13 14 15 16 
13 14 15 16 24 
13 14 15 16 
1 13 14 15 16 
13 14 15 16 
12 13 14 15 16 
13 14 15 16  
13 14 15 16  
8 13 14 15 16 
13 14 15 16 22 
13 14 15 16 17 
4 13 14 15 16 
13 14 15 16 18 
10 13 14 15 16 
13 14 15 16  
6 13 14 15 16 
9 13 14 15 16 
4 5 6 8 
13 14 15 16 20 
13 14 15 16 21 
13 14 15 16 23 
13 14 15 16 19 
7 13 14 15 16 
13 14 15 16 25 
11 13 14 15 16

#Current SDN router IDs
#2
#48 56

#Available SDN routers
10
#26

#Avg cost of SDN routers
50

#Avg cost of links
20

#Available budget
1100
#2450

#Number of VLANs
3
1 2 4 9
5 6
10 11 23

#Expected VLAN percentage
75